140.65
144.68
150.65
147.48
141.96
139.92
135.09
136.35
128.73
128.66
133.06
133.70
133.14
135.99
139.68
136.72
133.37
134.29
140.34
140.38
141.30
137.95
140.89
139.64
137.29
143.16
148.00
151.91
145.00
142.80
136.56
132.10
132.15
126.87
131.79
129.69
129.20
125.91
123.36
128.20
141.08
147.41
144.38
145.20
140.49
137.07
140.06
147.40
147.52
149.26
155.20
179.93
166.56
162.52
145.96
149.47
147.60
153.23
159.55
155.65
162.20
173.26
167.47
162.51
160.84
157.74
155.41
164.83
159.54
160.32
154.36
150.85
144.84
140.53
136.70
138.97
130.34
131.69
121.10
122.49
124.78
117.92
125.55
116.38
111.49
112.70
112.05
117.94
121.37
119.72
117.91
119.07
119.07
124.85
124.28
114.93
112.47
107.80
106.79
106.98
108.14
97.72
87.71
88.63
85.82
106.59
100.46
103.99
105.06
103.80
101.00
100.73
96.83
100.55
105.16
112.01
113.34
112.08
111.65
114.05
115.40
123.27
121.95
122.44
124.19
116.52
115.80
124.81
126.68
133.45
133.07
135.96
132.05
131.04
130.45
129.28
127.18
133.96
135.54
128.10
124.54
126.06
128.78
130.36
129.55
133.11
138.61
140.63
140.38
138.62
135.55
142.04
144.72
146.05
145.04
149.33
156.41
157.31
158.15
165.46
161.74
156.33
154.63
155.09
146.88
147.79
148.02
148.55
145.94
144.54
147.11
153.90
157.18
156.74
161.92
156.50
159.28
159.99
163.17
164.37
163.47
163.32
141.38
137.58
140.05
137.23
136.12
135.57
138.50
141.05
142.39
141.60
140.55
138.91
141.06
134.01
131.16
133.28
137.92
137.78
140.26
140.66
142.55
138.31
132.34
131.42
135.48
138.17
139.14
140.80
154.14
154.70
150.64
153.86
153.85
153.37
146.54
142.91
144.48
140.99
144.30
140.65
139.62
139.80
141.49
150.38
152.15
152.64
156.22
159.35
166.77
170.66
154.81
171.94
168.16
170.67
171.19
165.61
171.50
169.38
165.71
166.60
170.68
178.62
173.09
170.39
165.45
169.82
168.68
160.29